Table 1 : [(428, 128), (2671, 982), (3745, 2213), (1147, 2717)]





1	    426	158	2889	1115	1121	2798	3768	2265

 ------------------------------------------------------------------

Table 2 : [(1264, 699), (199, 1618)]






2	163	1642	1234	734	2641	2886	3844	539
 ------------------------------------------------------------------

Table 3 : [(1044, 581), (3800, 1121), (2987, 2099), (517, 2589)]






3	1068	547	3805	1123	466	2640	2911	2137
 ------------------------------------------------------------------

Table 4: [(1332, 766), (2606, 825)]






4	1342	768	2645	833	345	3004	3963	2966
 ------------------------------------------------------------------

Table 5: [(3714, 2637), (307, 2688)]






5	1224	490	2562	555	223	2739	3742	2762
 ------------------------------------------------------------------

